7897169252233
7898687780857
7898687780956
7898658625507
7897169225350
7899596531844
7899596531868
7891150068728
7702045538687
7897169252011
7896111990186
7896007544042
7891213648324
7897042013562
7898699380144
7897042015979
7898921466080
7898921466905
7891150071803
7895510973585
731509786446
2017123033981
731509786682
7895510973622
731509972320
7898554442666
731509786576
7898658625804
7891150073081
7891150071810
3789954812255
7899360201874
7898610374177
7896132132879
7896077500238
8411061971925
7908346900585
3614272050341
7896044998723
7896727945143
7896509976815
7898610374085
7896025533424
7898926640140
731509974775
731509017373
7897169254053
7898416830112
7899083121770
7893573275257
3605971512575
700083358431
7893092993229
7896509975849
7895800304211
7897517904609
7899820810288
609963488056
7896150023982
4015600146146
7896046702656
7891186181552
7897217404027
7891213512953
7896044998839
7896111993781
7891024042113
7896094924758
7898413570769
7896279100854
7899652100755
7897169256095
7898617523028
7896018700369
3000002584239
3331438921108
810876035347
7897169201965
7896007540600
4015600146016
7896279110136
731509974584
7898662451086
7891350033717
7897169209695
7896025534674
7896007540617
7891186111092
7891213205220
7898522372179
7898413570301
7898157616280
7898546008467
7898640658513
7897517903626
7897517903442
7895510175491
4015600131562
7897169207233
7896025513099
7896213165666
7897217400432
7891213299700
7898363790880
7898413570615
7908060100049
7898363790545
7897169203303
7891186900504
7891186743408
7896094907713
7896016109270
7898157616273
7896025506039
7891134001925
7896235319665
7896013511090
3000001218432
7896094924710
7896235354178
7897169204546
7898639794772
7898671422664
7896727945969
7896046700669
7891172171666
7896007541850
7898488470018
7897217400173
7895510306611
7895510560198
7896512911537
7908068501589
7891177000848
7896150015451
7898588327649
7896150017981
7896679226826
7897517909598
7897517930356
7898157614651
7898281991062
7897042012329
7898468507130
7891239019689
7897517919979
7898927469788
7899548120522
7896279114103
7891186277552
7896025521377
7891186228806
7898207219232
731509627824
7891177099071
7897517931162
1234501223623
7898281991116
1234502188440
7891239015704
7908068501671
7897517916244
7898212283396
7898687780024
7898610370544
7896007542499
7891186267232
1234501254573
6001159111771
7898554440211
7898468503729
7898527122397
7898687780659
7896075707219
7897169298415
7896279112826
7897169211469
7899548256665
1234502844056
1234502140196
7896013504856
7897217400487
7898281990850
1234502843981
1234500010163
1234501249463
7898281991475
4005900087256
7894222642239
7896224410328
7898348920141
7898363790163
7891213312027
7898671422145
7908153305085
7898669951411
783320413698
3000001220176
7896727942708
7898413573074
7898527123127
7891239010433
7896213165680
7898583344177
7896433200765
7896279112727
7891213291629
7896111993187
7898610370650
7898554440099
7898957743469
7898413570424
7896025507999
7897475800302
7908153306167
7898488470292
7896111913550
4005900521897
8011003612802
7896671693893
7896512909763
7897169241305
3000001383475
7896235354017
7891213205770
7896013508878
7908353605497
7891186703440
7896025503090
7896327310112
7896327310174
7891186181507
7908068501183
7896671693879
3000001383635
7898554441034
7898416839931
7891213205237
7896025533998
3000001218869
7896016109447
7899652101073
7896779601196
7896046702649
7898640655222
7896213164409
7896013503712
7899876503127
7897517923556
5906735234473
7898413570707
7897130711233
7896077500726
7898008550275
7896423481853
7891186181644
3147758235548
7898008550374
3000001221579
7896000705891
7898926639120
7898546005213
7896327309963
7896025517318
7896025504400
7908448000190
3000001220336
3000001387206
3000001221494
7908068500438
7896110700052
7794728011341
7898658624241
7896868606156
7898595237559
7898212285970
7895510981245
7891239027318
7898669950292
7896512936622
7896868606194
7896679220282
7899583203815
7897517925536
7899884209400
7898595237689
7891186890560
7898658624203
7909392142356
7896025527935
7898488011266
7897802713022
7896868606163
7896196704333
7898488010276
3000010156213
78938625
7899548121451
7898595237528
7895510981269
7896025531390
3000011217159
7898595461619
7897169200678
7897517917470
7895510933602
7896727945358
7896852618929
7896727945310
7898281991499
7896868605654
7896025502772
7898639791849
7891177007991
7898126408458
1234502944503
7898607497407
7897802714005
7898610372364
7898658620915
7898600991834
7895510570579
7898126408328
7891239026847
7908153304439
7897169201620
7897169212534
7897169213401
7898911689185
8011003825721
7898554441966
7898607497308
7898958542634
7898558380261
7898687780550
3349668555062
7898281991420
7898658622360
7898558381695
7896000724748
7896013569756
7896025523937
7896077500115
7898281991093
7898687780604
7897169205406
7500435014359
7897517913052
7897169228733
7897169233249
7897169245280
7897517924089
731509966862
7898008551883
7896049508217
7898525587259
7896025525719
7897169216495
7895510893616
7896025528109
7908068501770
7896102200140
7898212285703
7898126408403
7896868605869
7896111978795
7891150060142
7896013569817
7898588329278
7896016108846
7897517920920
7898008553849
7898687780581
3000011803987
3000011815300
3000011203527
878813000049
7896868606262
7897169244054
7895510499429
7899522315067
7898595237498
3000011530562
7898610021866
7897517926724
7897517926809
7896108560439
7890822280024
7896132134156
7899706180658
3360374533205
10016268
8433982021695
6929882040253
7898943477484
7898968204133
7898968204102
3000012068187
7896671693824
3000012073693
7908060115722
7898594740906
7898594741361
3386460118125
3614273318105
7908209804883
7896025538696
7896025538641
7891150088399
7898968204034
7898968204041
7898658626627
3000012077172
10017128
7908448002743
7899522321532
7897042017997
7898671424323
8005610642796
7898955134115
7897517924232
7899938600498
7897042016273
7897517914592
7898126409448
7891213774481
10001936
7899085152215
7897517952051
10008287
7908153830433
10020869
7898952774017
10021033
7899706188920
7899934702653
7898952577458
7896327310389
7898266629492
7908153830372
7898919655915
7898600993678
7899652101370
10007808
7896609545997
7896114312817
10014684
10002469
10008508
7896852625170
7898132981044
7898157615252
7908209804777
7896025538672
7898594740869
10017166
7892691918862
7892086931223
6927219103060
7898961952307
7898583470203
7896727917973
7898546693335
8411061030004
8411061029985
7896013502647
7896380607471
7896380607488
7891060836288
7899706187947
7896150017400
7896010175677
7891150056589
7898525587341
7908060116316
7908124407152
7896852625132
7896852625385
10007310
7899652101356
7897169257559
7898558382838
7897042016266
7908209804890
6921099294771
7898671424620
7898566290941
7898919655403
7794728014311
7898583470302
7896227630365
7899596537983
7898079000938
7898941803056
7891033494736
7899596538331
7899596538256
7899596538409
731509687743
731509994285
10020302
3274872404175
7908082302773
7898566291252
7898566291382
7898566290828
7896978200053
10029428
7892691925976
7896235354390
7909392888339
7896102203424
7891350041194
3616304094958
10047897
731509971194
7896013504733
7908209807150
7897984717085
8411061075173
7898713923791
10058282
7898671424743
7898671429144
10038420
7896512945990
3616304929588
3614273961738
8057971187034
7898525580373
10061084
10061152
10061213
10061244
10061282
7896609550304
10045855
7898699845308
7897517908669
7897984717313
10048832
7899596539864
7909392804506
7897517924041
7899674017147
7891239029220
10035498
10035788
7908153841712
731509881462
10050439
10050538
7898636193110
731509994568
7896132135382
7908153835056
7898554442345
7908448004389
7896852626634
10041390
10041475
7896380607907
7898566292549
7899960100904
7897947614758
7898667821952
7891213856514
7789713070250
10031377
7908448004532
7891172523489
5055810035273
3595471026873
3595471026842
7898687781779
7892863617623
731509999686
3423222092924
7898522372605
7899085152406
7898699845216
7898546007026
10046173
7896032681354
7898566292686
7897517925321
7908458324446
7908458324477
731509996432
7895630325295
7891150089983
7890567813297
7890567826600
7890567826686
7908153833540
7899596539901
7896013573135
7909392801833
7891186519614
7908329703363
10046623
10047743
10047774
7898132987787
7898222825616
7908153828300
7897517916350
7898671425931
7898671424750
3349668614646
7900083001969
10053751
7898713923425
7897840301465
7897517924980
7897517938086
7899852025742
7897947603783
3614274185133
10054246
7896010175653
7896010175660
10035375
7897517908676
7898410313789
10049136
10049235
10049747
7894222033310
7908153826757
5055810035815
7891060861389
7899981323610
7898741802181
7898369690078
7899661758459
7899661758480
7899661758558
7899765519673
10054581
10054703
10055670
10055816
7897947617681
7908153301766
7908448002620
10031155
7622300988517
731509990218
7898594743976
7898594744225
7909392059142
7899852018119
7896279126779
6972858367434
7898741802235
7896279114660
7896046700317
7898935974762
7908083529926
10057100
10023167
7899596538751
7896025535107
10051863
7891033504572
7908517902134
7896279126946
7898558382890
7898911309304
7898713922732
10041833
7908615053097
7898945785495
7898724571172
7908448004945
7891350040784
7898636193899
10058329
10058640
7908153306778
7891033531523
7891033517084
7898600994255
7896150023272
7896150023289
7908615005201
7896032623590
10052976
7908069134397
7899981324006
7890567813327
7890567827201
7890567826709
7908109800046
7908109800220
7891033514472
7891033012497
10043097
7908433400912
7898713922138
7898212287585
731509999709
7898741802495
10059135
7896727901408
8719281060031
8719281099444
8719281111276
8719281111832
7899852023601
7896852627358
8718375524909
8718375525005
8718375525142
8717185380910
7794728013543
10038024
7898581085935
7896852627389
7891033524044
7898713923432
7898915744569
3474637002701
7899674017130
7897947604582
3614273837828
10039007
7899852024967
6934766408593
731509997897
10045916
10045923
7890567826907
7898594743709
7899852023687
10059913
5055810036959
5055810038052
7899596538294
7891033481620
10023198
10023440
10024720
7898185414872
10026342
10026465
7898920038745
7900083004069
7896049526228
7899661758367
7899661758398
7899765523304
7896279126991
7897517956080
7909392578339
7896150023241
7896032691254
7908615065731
7908615065632
7908615065953
10060032
7898741802716
7898212287035
7898212288100
7908343800048
6932159615573
6932159614620
6932159615054
7899596538362
8011003818174
3349668613359
7898508021657
4045787726398
10054710
7899572814091
10055502
10055588
10055762
10055847
10055885
7896111999813
7898713922480
7891033554874
7898623243231
70341071854
7898695064680
7908615090740
7908615090504
7896132135078
7506339398236
7909392801710
10036242
3616304247743
7898671425153
783320420573
783320420580
10060926
10061022
7896025542044
7898566293508
7898741802310
7898970628255
7908209808270
7908615090597
7896132136761
7896132136709
7898416833922
7898713923821
7898567705239
7908422601498
7908517900369
8715658400882
7896779693153
7908448004648
7897169254503
7908624500292
10062036
7908153307393
7897840300321
7908458325504
7896025531475
7896025531529
7896025533486
5055810038069
7898878146202
10062852
7896671601379
7896433202622
4045787725759
7897534904255
8718375525180
7899596539611
7890567833561
7891033568147
7908615075648
7897230305837
10035603
7899674039279
7898671427676
7908615017211
10045046
10045350
10045411
7898911309175
10045725
7896509972220
7908458325726
7900083008609
7898562213722
7899765519642
7898741803331
7897517925338
7899652101646
10045084
7898702700372
7899852023151
6932159614866
7898671428758
10047002
3454090003491
7898749570501
4045787980417
7908153307683
7896509973890
7908458325511
7898562213708
7898132988098
7898741802570
7898741802587
10039182
7898671426020
7891186516606
7909392893081
7908448004129
7908448004471
10038550
10039106
7898671425863
7899981324167
7890567827225
7899884221327
7900083007701
7896032605664
7898623241589
43917016184
7898713923388
7898600994934
7898610377574
7897840300116
7898222825531
4064666337074
7908209807068
7908458321926
7908458322046
7908458322077
10040638
10040775
10027974
7898566292884
7908517901588
7892680333218
7908153827969
7898671791241
7898671791173
7908823500116
7897517925000
7897517933463
7897947611405
10054222
7891033521685
7898741802174
7900083002744
7900083002539
7900083002553
6973094272483
7908346902121
7898664865751
7897130710816
5055810035570
7898610377345
3616301794639
7908109800640
7908109800299
630941152959
7896609546635
731509994698
7898632473162
4045787725636
10055182
7898132987305
7898566292662
10031469
4045787723595
7898212287653
7898610083291
7897947604506
3616301797630
10047026
7899852021898
7891033933068
7908153830952
7891033546015
7908060118525
70341386040
70341386088
7898640657790
7898640656755
7896852627273
7896132136679
7908448004891
8411061084816
10024706
7899706238038
7896196704999
43917014388
43917014395
7898600994101
7898671427980
7908124407268
7908448003016
7908448002224
7899652101493
7908083525157
7899652101882
7899652101899
7899852024806
70942005210
7909392888278
7898636193578
7898636193349
10047828
7891033562060
7896013507024
3595471024299
7898625791839
7898486040138
3349668630349
7896132137232
7898447487453
7908448004877
10063866
7891033566396
7898625794731
7898687782035
7908517900246
10021873
7899706189880
7897230304670
10027707
7891186521266
3474637003265
7898958169497
7891177129372
7897517909833
7897517908621
7897517933142
7897984712561
7897984716675
7897984712516
10022054
7898566292846
7896196704890
7898566292778
3605972696984
7898724571066
10059159
7908346903500
7891239002001
7896609550267
7898970628262
7898945746182
7898632473018
7898632473254
7898632474244
7896025540965
10022610
7898639791405
7908329703486
7896609549025
7898566293195
7894222033334
7896852627211
10050606
7622300858834
10024805
7891186852889
7891186839712
7909392783337
7897517909222
3474637153526
3474637153489
8411061081563
7898919655939
5055810030186
7897947612907
7908448002217
7908448003993
7896025539587
7622210641557
7891033510849
7896279126977
10024256
7898566292969
7896132135030
43917014371
7896779626618
810876032506
7908448002941
7908448002965
7898632472721
7896132137317
10063842
10063859
7908615060873
7898664865805
10023402
3474637004187
7891213651669
7898965559724
7896605200661
7896605201521
7896196705200
7896196705224
7896044999928
7908060116118
7908458324460
7908458324491
7896380607785
6932159606250
7891239029275
7908109800466
7898027870606
8717185383621
7896111999530
10060094
7898132988371
7896013506928
7895630994873
7895630008471
7895630002806
8411061083505
7895630062695
7898447487293
7890567813372
7890567845687
7890567845694
7890567826549
7890567826747
7898687780697
7896090700363
10047811
10047873
7897984717597
7898741801399
8719281111177
7899852022642
7908153307522
7898741803324
7896025531451
7898567706359
7897230302621
7897230305950
7898639795120
10024263
7898600994743
7891033570478
7891033301782
7896032605541
10053676
7898623242487
7898623241664
7898600994613
8411061083666
8411061083659
7897840300178
7896007550548
7908458322343
7908209806313
7622210566409
8719281111542
8719281066279
8718375525500
7890567833592
8435415080378
8719281062066
6932159614996
7896013508618
7896013508670
10061459
7898632470857
7908791000199
7899596538287
7908083524358
10036471
7908153306761
7897840301557
7898671791340
7897517903916
3616304691645
7898527128184
7899852025773
7898920038738
7898920038639
7898741801733
7898741802020
7898741802136
7898741802150
7891033519712
7900083002621
618341019225
7898625791686
731509991611
7908448004860
7898970628613
7908153307324
7898690180200
7894222040967
4045787961133
10063446
10063491
10063873
7896609550311
7898690180057
7899661758381
7899661758800
7899661758848
10055557
10055564
10055694
10055939
7896605203853
7892840812850
25929121957
7894222039565
7899674040725
10059142
7898567705710
7908615076928
7898741802693
7891350043051
7898632472653
7898972321000
7908083530793
5903719643276
7897984717283
7622210644527
7898667821433
10058381
10059036
7898447487361
7891350043075
7908153307560
10063279
7702045437119
7908615005041
7891033483181
7896025534377
6972858367441
7898671424699
7898695063430
7898695065342
7908209808379
3349668628216
7896235354635
10058589
7891350043068
7898212287530
7898212287776
7898945746656
7908391007116
7898610377338
7898008554433
7891213856644
7896044999904
5055810035679
7896509980492
10061176
7898632474701
7898632473391
3349668630332
10063644
7702029639447
7898636194049
7898625794670
7898687781991
8435415076937
7898671429120
7898671429151
10038758
10039113
10039342
7891350039993
10058572
7896509980560
10059074
7898752290113
7908615075549
7908239721372
10063255
10063392
7896111901229
6928075612857
7908124407985
7898416834028
7898945746540
7908153841736
731509996388
10052914
10053041
7895630325240
10059173
8719281040071
8718375524886
7891033564941
7898741802297
4045787961614
10063248
10063361
7899596538591
7897230304700
10033258
7894222041087
7908517905340
7891033556755
7500435240512
10065631
10066041
7908422601696
7898218310829
7898610079324
7898741803935
10065839
10066812
7900083000542
7900083007695
7894222041711
7898713925603
7898527128368
7908228805588
7898741803898
7908417501802
10066850
10066904
70341149065
6973094272353
7900083008692
7898741803652
6932159608278
7908209808621
7898525580809
7896509980249
7908458326167
7891033586394
7896013506874
7898909635514
7908228805625
10066775
7896111989326
3423222105884
7891033586400
7891350045246
7898447487385
7899852027494
7900083008531
10066218
10066294
7900083008722
6973094271967
6973094271981
7898759110261
7908209808706
7898741801825
7898218310027
7898625795691
7898605222858
7908239722331
7896509981420
7900083008524
10065990
6973094271974
7898920038790
7898741803850
7908417501758
10066386
6973094272360
6932159601507
7898759110339
10066669
10066942
7898594744461
7898218311031
7898218311055
7891150094345
7900083004458
7898721410856
7900083004144
7908832600678
7898670904970
7898218310911
7908458326280
3454090003514
7908422601702
7898218310195
7898667822386
7908209809048
4006000136776
7898759110414
7899852026480
7898610078310
7898924487020
10065853
10066966
7898741530374
7898623243200
10064443
7908228804376
7900083009477
7898218313028
7898218313202
7898619835631
10066485
10066539
10066720
7898741804437
7908458326099
7908458326143
7899852026473
7898623243118
7898623243125
7908417501789
10066652
7908422601658
7899572814480
7898619839578
7897042018062
7891033586752
10067581
7900083002645
7891033586769
4006000039800
7898759110094
7898218310003
10068076
7898741804383
7898605222988
7898741803843
7900083008098
70330731745
7908785437000
6973094271882
7898759110445
7891033566709
7898610378113
7898610377864
10065020
7908517905487
10067345
10067406
10067642
7896605202016
7898410310344
7897169203402
7896007540631
7898687780949
7891213211023
6295125028211
7898132981884
7891150059900
7897517917326
7891150075382
7896007544059
7898687780345
7897169252240
7897169253322
7898623959071
7898658625514
7891150075306
7896111990162
7896007550890
7897169201347
7897042015962
7896025534902
7898416830228
7891150044555
7896468375360
7896727945228
7896369162731
7898610375143
7897042015849
7898132982348
731509786477
7898658625781
731509792461
731509786989
7898658625811
7891150073098
7509546654027
7899360207746
7898554441645
7896115704109
731509973181
7898413573968
7898413572206
7891033931033
7891150037342
7896132132121
7896806790596
7898910050108
7898639793522
7896727946270
7896025533905
7908353603004
7891182017312
43917003511
7896326964590
7898632470628
7891150074484
7791293038155
8715658400714
7908068500995
3439600056532
8715658400707
7896111993705
731509974973
7898157616297
7908068502326
7896509975863
8715658400721
7897517923914
7899790500820
7891177051123
7896512949158
7898413570714
7898281990133
7899652100847
700371783693
7897836500254
7896512947086
7908448000275
78938816
7898907973267
7899583203983
7896025513594
8411061832578
7896007541867
4056800058945
7891134004186
7897169202160
4005808555345
7891186242246
7897042008827
7891186230496
7898157616303
7793100111143
7896013501411
7897130700947
7896025509009
7891213291636
7891213698329
7908153301728
7896852623541
3423470300154
7898288330024
7908153302510
7891186111054
7897169202191
7896279102384
7898926639144
7898008550367
7898413570752
7908153304866
8018365071162
7896044999614
7897169201729
7897169209688
7896025512269
7891134005459
7896092000072
7908153301605
7896224410991
7896115700996
3000001222620
7898639794413
7897042008780
7898157611025
7893300521022
7897217400302
3348900012219
7896018700314
7891186183327
7896327310297
7896092000652
7896049508507
7908209802582
7896423470994
7897517923181
10068632
7908517900291
7908083520169
7897130700039
7506309800967
7896025500945
7891186181491
7891186183242
7891186462606
7898927471583
7896025522329
7898284095040
7896150015383
7896509970363
7891213220087
7898554442185
7898588327083
7898126407901
3000006812963
7908068501251
7898687780543
4005900122186
7898919412266
7891060773071
7898610567456
7898363796011
7898281991222
7898281991383
7898281991215
7898554440273
7898687780017
7897517919214
7891213513738
7896075710318
7891186111184
7896007542482
7896868604091
7896868604312
1234500606304
7897517917074
7898468503712
7898468503613
7898903652906
7896013547624
3454090002784
7908153301353
7908068500148
7896509970332
7896150015369
7891239022986
7891150035874
1234502142565
7896727945709
3000005364821
1234502844049
7898378620943
7898363790118
7898950225412
7896046704780
7897169202467
7897517920432
7898687780062
7896727942746
7897517925666
7898281990973
7896380605590
7891213512427
1234502294493
1234500011405
1234502843349
7898944074477
7891213506044
7895510550724
7891186111122
7908153301711
7897517920715
1234501254641
7908295300085
7899706132985
7891213505979
7891186334811
7898687780048
1234502289536
7897169215092
7898610370513
4005808662388
7891186277699
7891177081137
7898447486531
7891186515982
3000001383390
7896279100267
7898483151998
3000001382904
7898102980060
7896852623510
7897169246478
7897517921101
7908209802889
7891213312034
1234501249128
7896025512702
7891213329025
7896433201274
7896150014584
7891150080966
7891150024793
7896013547631
7896025514959
7898671423005
7891134006425
7891213213652
7891186242291
7898212287059
7898687780239
7896279113410
7896025536395
7899652100854
7898558381947
7897169212688
7897517933005
7896380605606
7896044942023
7891024181072
3605521172525
7896235354062
7896852623497
7897169201132
7896868606989
7898413570882
7891213207187
7898639794796
1234501222381
8411061681312
7896025502789
3000001353058
7891024171233
7896327309932
7897836520023
7897169202498
7897169202375
7896369126115
7908068500421
7896111993163
7891186181927
7896025503670
7898669951404
7896032676084
3000001219248
7896025505421
7898554440112
7896433200192
7898132985035
7896025502574
7898527127460
1234502135451
7891213506013
7898363791498
7891150083653
7891024132906
7896025513969
7898416839924
7897169211162
7897169202252
7896150023562
7896075710073
7897169211131
5901832063834
7896025513426
43917996455
3326240816698
7897169200968
7898522372735
7896512944221
7908153306174
7896025502444
3000001220411
7896016000379
7898463102040
7895510560204
7891213328998
1234500599743
7898281990737
7896327310068
7896046703172
7791969016029
7896279101448
7897169211032
7891060679755
1234501249333
7891150071827
3000001379362
3000001220848
3000001222460
7897169204683
7896150019329
7897214700825
7896102200683
7896044996811
7896512937957
7891010248130
7896380606917
7896852619384
7897517925406
7896868606279
7908153304286
7896044996828
3000010353049
7895510499412
3000009833309
7897169221789
7896868604015
7897214702249
7897214701723
7896111907689
7897517925543
7896868606286
7898413570509
7898687780710
7897042012800
7898948330289
7898021052596
7896025524903
7898413571919
7896025525139
7896025523845
7898281991055
7897169236325
7896868606224
7894222021812
7891150056572
7896509974071
7896509960548
7897517925642
7500435123884
7898281991109
7898506257799
7897169229280
7898363790231
7898558382173
7898639791412
7898126408304
7898955638996
7897169224377
7891055538418
7895510913659
7896025527423
7891213211146
7897517920678
7898554442017
7895510913604
7909392142332
7897169250154
7794728001878
3348901368254
7891186982296
7896025502741
7891060032376
7896858620124
7898126408212
7898126408410
7892940410062
7897169290013
7897169236387
7896868606248
7898281991048
7897802713015
7896727940704
7891186828372
7897802714012
7898610370339
7898910060480
7891150054646
7898281991673
7899960100027
7897517903008
8011003809219
7898588329957
7896025516724
7898281991338
7891239025765
7898008554099
7891177081014
7897169207172
7897169216488
7898944073616
7891239026861
731509966848
7898488470384
7896025523739
7898610372357
7896852618684
7896868604183
7895510893609
7896025526570
7896025503847
7891239027325
7898612201075
7897169222885
7898281991444
7891213518078
7896132129046
7896868604732
7896075757375
731509723786
7898126408649
7898126408199
3000001562993
3000007971973
3000011002380
7891186890522
7896013567394
7897169250246
3000011202636
7896044996804
7897214701853
3000011193200
3000010420680
7898942682032
7897517926717
7898936771469
7898936771360
7899938600597
7899938600641
7898594740852
7897042016297
7896132134859
7898581089827
3614273662475
7908153300479
7908153306501
7896423497991
7898594740913
7898594740999
7898594741156
7898594741941
7908209804838
7908209804876
7896032678095
7908346900127
10017012
7896679233374
7898636192441
10010327
10011836
7896132134996
7898683860874
7897517926786
7891010518844
7908153831591
7898566291290
7898566291399
7896369163813
7899926301321
7896013558064
7506339325249
7506339326031
7908209804937
7897517917357
7899360233233
8411061049518
7898525586702
7896433200802
10014530
10014646
10014769
7898600993708
10021057
10002438
7899652101295
6925877265151
7908153828324
7908153822148
6932159605918
7898556755924
7896013504016
10007334
7898910050115
7908124407183
7896013502319
3386460118132
7908153306518
7898525586917
10007945
7896634588839
7908422600613
7899652101271
7896013503958
7908153300769
7898605222650
7897169257580
7898662451116
7896132134255
7896014143375
7898600993401
4056800020287
7891213508123
7896032677821
7898948330302
7899652101363
7908082302827
7899652101318
7898126409493
7896032657564
3614273316132
7898594741224
7898594740845
67896132134295
7908082302742
7898594741057
7898594741088
7908448002583
7908068500391
7892691932172
7897517950019
7898955134771
7898955134269
7896013504580
7908209804784
7899583204225
7897042017799
7898625791532
7908060116330
5055810030001
7896852625156
7899596537594
3349668599110
7891150077683
7897042017683
7897169257573
7897169229457
7899522320405
7896262304351
7908209804821
7891177581293
7898926640171
7896609546352
7896609547526
7891150069602
7898610375426
7898610372449
7898556755931
7898449400573
7896852625040
7896213165864
7908083520831
8435415059084
7898566292044
7896098333105
7898583347734
7896032670068
7908366400379
7899596538416
731509687750
10020296
10020340
7896025527300
7898622702142
7898566291269
7898566291320
7898943477934
7898566290354
7890422224046
7899852022093
4005900945693
7896132136372
7898625792577
7898522372643
7896102203431
8411061072936
7908153833526
7897861924629
7892687825839
7897517952013
7897517909055
7897984716279
7898741801788
10038765
10038796
10039519
7897169240667
7897169246256
7896132136297
8435415080415
7898527128245
783320421143
7898525580434
10061329
7898741802617
7898741802303
7896609550878
7898970628224
5055810039226
7898699845193
731509687330
7908153838910
7896150025191
10049594
7897169260009
7898972321161
7892691919098
7702045556902
7899706169790
6932159606847
7891350041064
7891350041071
7898713922671
7898741801214
7891033938452
7896213313586
7899852020556
10050521
7898132988210
7896150025283
731509997705
7896102203066
4045787723519
4045787723014
4045787726510
7898924486016
10040812
7897230304427
73930656968
8411061074862
7622300990732
7898667821969
7899674035448
7908517902110
3616304678257
7908615055169
7908615053110
7891213651621
8011003994427
7897169233126
10031124
7896025539594
7891033522125
7891033522040
8411061074992
7898610082973
10044308
7898566292921
7898610082355
7896605202085
7898965559847
7908209807600
7891350034011
7896032677043
7896013503859
7896609546628
7899596539888
7896013573128
7891186519607
7891186626336
3605972698742
7896150025115
6972497850090
7898310143073
7890269192966
7898683860911
7898671427591
7897169225671
7909392878675
7898600994606
10053638
7897840300154
7897840300383
7898671791395
7908823500062
7908823500093
10054277
7898920038721
7898920038660
7898597485071
7896609546604
7897517908959
7897517908904
7897517933111
7898212287592
7897984712639
7899026459649
10049273
10049389
88300605514
7898566292624
7897517916343
731509999808
7908209807839
7898741802037
7898741802143
7900083002720
7900083007411
7899661758466
10055595
7896609549759
10024683
7899652101189
7896132135368
7896132135146
7908026004435
7895800201503
731509990508
731509997842
7898681612802
8011003864171
10026861
7891033525942
10056615
7898935974618
7908083529803
7899583200975
7897517916329
7908422601580
7909392888476
7899674023292
7908517902387
3616304678127
7908458323937
7891033495405
7898911309649
7898713922213
7898741801351
7908517902097
7908615090627
7896044999935
7898588114362
70341071847
8809635342231
5055810039202
7908153306747
7898972321819
7892691925969
7899596540181
4005900950918
10052969
7895630008556
7899981323795
7898447487323
7890567824897
7890567826679
7908109800381
7908109800268
7908448004501
7908448004570
7898878146318
7908083528622
7899652101745
3614273947787
7908209808195
8717185380903
8719281111207
8719281111122
8719281067047
8718375525289
7908448002934
7898671427010
7898671424682
7898671424736
10037881
10038062
6932159610424
7898713923333
7897840300093
7898671791197
7898671791784
7899596538607
3349668599127
7896150023906
7891055816035
7908517901564
10039120
10039380
7908083528349
10045343
10045893
7908239721075
7908037703488
10059845
7896013500582
7896013500735
7896013507116
7898724571417
10026670
7898594743679
7898741802167
7898741801719
7898369690085
7899661758305
7899661758565
7908254900028
7908254900011
10045152
7897230304397
7897230304403
7898212287752
7898212285505
10026021
10026502
7891033471782
7908346902107
7891177129365
10033821
7908153830037
731509997651
731509995664
7899706250290
7896150024903
10055076
10055342
10055922
7891239029350
7896279114639
7891033564354
7898935974724
7898212287622
7898212288179
10057063
10022917
7896512959898
10060834
10060865
10061268
5901832065272
7898741802280
7896609550915
7908209808256
7908209808331
7898483150007
7908329704162
7908329704148
7898588114188
3494800042235
7891033551538
8411061058190
7894222040752
3614273852814
10041482
7898556756389
7898556756341
7898690180859
10062432
7896025541917
6294019003044
6291108729908
6291108724774
7898567706410
7897230304854
7891033559039
7891033558995
8719281060529
8719281111399
8719281111221
8719281111344
8719281111528
8719281111153
8719281103424
8719281040194
7890567833547
7890567833608
7891033564361
7898157610042
7896512959812
6932159606816
10045732
10045800
7896509975467
7898132988685
7899572814381
7898741803362
10028049
7898961952468
8411061067567
7899852021386
7891350043082
7898212282412
7896013508823
10022559
7908153830204
3616301797654
10046678
7898658627594
8057971180394
7908153307485
7908153307454
7898558382913
7898690180897
7896509972251
7900083008616
7898610377352
7898562213760
70942005494
7898741803379
7898741802426
7896132137102
10034415
7896032600669
7898671424422
10038918
10038970
7909392878644
10038635
10038741
7908083527564
4005900929686
7890567826587
7900083007725
10053706
7894222040691
7898713923296
7898713923449
7897840300420
7897840300413
7898558382852
4005900957726
7896114312787
7908458322084
10040911
7908615062556
7899706237932
4045787723373
7894900681017
7898972321178
7897840301496
7897517926854
7899852025735
7896512956859
7899661758282
7898566292792
10031025
7891033522088
630941153123
7896213319779
7898943477859
3616304248221
4045787723878
7899652101608
7897517923815
7899661758756
7896111999790
7898741802228
7896523207834
7898741803041
7908153830396
7898566292693
10031018
10031087
10046906
7898658627556
10049754
7896213313562
7896213313623
70341386095
7908239721068
7898695063423
7898640656779
7908209808478
7896132136754
7896132136662
7896132136693
7908448004990
7898588114355
8435415092630
3349668627523
7896609546048
7908329704179
7899652101158
7896727941367
7908209807464
7894900180503
7896235354512
7908153838217
7896013553908
783320418952
3349668628384
3349668630257
7891033566433
7898416834035
7896609546642
7897517914882
7908209807174
7897984708922
7897984714688
10048887
10049228
10049259
10049426
10026595
7896132135108
10031513
7908346900615
7908448000220
7908209808232
3348901708937
7896132136723
7898212287493
7896132137126
7898567706335
7898632472707
7898632474718
7898632473384
10031360
10031643
7894222033242
7908153831133
7908153843570
7898713922121
7896852627228
10050071
7622210564313
7898658626757
7908458320233
7891033473472
7891033478187
7898594743112
7909392893074
7909392878415
10058817
8719281111641
8718375525067
8718375525166
7891033558056
7898132988531
7908343800109
6932159615184
7909392801840
10034286
7908448004457
7897517954055
7897517905811
7896013506294
7898527127934
7897169203143
7894900011302
7908517902127
7891033504725
7908422601597
10052211
7891213856590
10024294
7898632473148
3616304248245
7896102203073
7908448002972
7908448004198
10061237
7898632472691
7898632472844
7898632474732
7898632470901
7898632473483
7897042017812
4005900807861
10063477
7794728002349
10023303
7898610082997
7896032600645
7895510930083
7908458324392
731509996401
7898658627013
7794728013550
7890567834407
6932159614873
7908329705398
7898945746441
7898965429102
7896605200609
7895630325318
7895630062749
7890567845748
7890567826662
7898687781625
7891033536108
10050422
7891350042337
8719281059837
8719281111511
7908615065816
7908615065779
7897517917586
7908153307508
7896509972145
6291107921402
3595471028334
7898713923920
7898632473087
7898632473322
7898625791815
7898625791891
10023181
731509994902
731509994926
10032763
7898525580342
7900083007909
7898623241671
7897840300109
7897840300437
7908153305795
3614229823837
10039298
7899852024691
3474637153502
7908458321711
7908458322466
10041154
7500435170024
7896868607245
6932159616488
10060858
10061367
7898632473179
10023396
7897517928070
7896512921710
7896512938053
7896512955500
7908209807914
7898741801771
7898741802013
6932159610905
7900083004090
618341019171
7898610083048
7898588114379
5055810030131
10047729
7898594744027
7898447487507
7908239721365
10026663
7898610083055
7898566292754
701097288
10035917
7896369163639
7896150019428
7896049526235
10054437
7898721410719
7898721410405
7898558382142
10054819
10055113
10055168
10055649
7898132987312
7908458322091
5903719643221
7898447487224
10043387
7898687781533
7898636193929
8719281103462
8718375525326
3349668628131
3595471027115
7898632472714
7898632473414
7899835610545
7908517905456
7896671692674
10035795
7898132988487
7896279126823
7898741803058
7908083529889
7898623243248
7898623242043
7898623241053
7898958119690
70341386071
731509997965
7896102203387
7908153843235
7897517925482
7899652101707
10058824
7898695068152
7899596540747
7891350043020
7898212288056
7898212285031
3348901387330
10063460
7896132137225
10063675
7908124407275
4005900139849
6932159606014
7898671424798
10041604
7899852022635
10057018
10057049
7908615090719
4064666593579
7900107040219
7908448005089
7896235354628
7896852627914
6932159615191
7891033926749
10039618
7891239029329
7898410315035
3349668614530
7898667821914
7891033574247
7908615060385
7908615059983
731509995756
7895510933725
7896605200692
7896605203846
10058244
783320421167
7891033584055
7898625794557
7898687781397
7898687781908
10064290
10064306
10064313
10064320
7899596539918
7897517923938
10037980
7702045556919
10039236
10039335
7899852024707
7908153836961
7908153836909
7908618304189
7891350039962
10058596
10058848
8719281111412
7908068502197
10063897
7898945746434
7896013552185
10049211
10049242
7898605222759
7898008552835
7908458324422
7896032625365
3349668613588
8718375525203
8719281066729
7898749570433
7898713923500
8435415092616
4006000085487
7897230304748
10063316
10063415
3494800042228
7898566292877
7908448000596
10064825
7908458326198
7908458326396
7897042019328
7898749570525
7898218311109
7898610078365
7898667822362
7908517905364
7908458326259
10066300
7898741803867
10066010
10067468
10067598
10067680
7908517905548
7908458326273
7891033566754
7899852026503
4064666212210
10064832
7896132136839
6932159609367
7899488902431
10067338
7900083000559
7900083009521
8435415091145
7897517938208
7896115705915
7908209808744
7898741804642
10068625
7900083004380
10065594
10065815
7897947619517
7898527128351
10068151
7908228805601
7898690180903
7898619835471
7898670907568
10068229
10068267
7896044999942
7898759110254
10065464
10066065
10066089
7891350045307
7898741804390
10068182
7898759110377
7898218311154
6932159607356
10066447
7898741804659
7898567705451
10065563
10066898
7898759110100
7894222041063
7898610378120
7898610078327
3616303473402
7908420108050
7896025540927
7898670909173
7897517910174
8057971183722
7898522372148
7899852026459
7898218311130
7908228804383
7899021137160
10067383
10067710
7894222041346
7894222041124
10065938
10066607
7908458326136
7898625795721
7896235354550
7908840300300
7900083008340
7900083003765
6932159610721
7898600995580
10065532
7897042019335
10065778
10066478
6973094271875
7891033577811
7908517905524
7898721410849
7899852026510
7908417501444
7898619835754
7908209808683
10066324
7898741530381
7908417501420
10067512
10067635
7900083008111
10068137
17898218315722
7908420110237
7900083003659
7908420110251
7898752290120
10067499
10067536
10068014
7900083004403
7908417501543
10065471
10065952
7898639795892
6932159608315
7900083000757
7898610078303
7891239009413
7896605205109
7898218313073
7898667822331
7898667822447
7891033557509
7908228804390
7891033566747
7898605222889
7908209809161
7896132137386
7898687780932
7897130705478
7898687780963
7896007540624
7891150059917
731509017236
7899596531875
8411061982617
7899596531813
3348900417892
7896013568520
7896013562306
7898959462436
7897169202504
7891213640434
7898546001703
7891213640335
7891150075405
7891186988595
7897517923532
7899674030559
7898416830204
7898921466837
7500435141819
7898610082515
7898919324088
7897042015894
7896013566182
4005900664006
7896468375353
2018100933980
731509792881
7891213663150
7899360206855
7891350037517
7891350037548
7899360232892
7896224409995
7896132132862
7896852622209
3000011018701
7898610374184
7891213512632
7898632470291
7899790500837
7895510557839
7908153301841
7896727944900
7898639793577
7896727945464
7899790500806
7898416830075
7898632472325
3000011066863
7891150065291
7899790500769
7896150024262
7897169250192
5055810007720
7897169207332
7908448000367
7908068500926
7896196704722
731509017397
7896018700536
7896094907683
7898640658506
7898640656175
7898903652920
7891177081281
7899820811094
7897169255036
7898671422947
7908083519941
7896025502543
7897217403044
7898640655260
7896025509085
7898522372186
7898288330017
7897169208957
731509535709
7896049508118
7891213667592
7896852623459
7899652100793
7898413570295
7898281990249
7897130701647
7891213219289
7891186183204
810508000514
8011003995950
5901832068679
5906735234084
7898281990676
7897517905507
7891186743354
7895510357934
7908068500780
3595471111012
7897130701685
7908068501190
7899652100809
7900031080008
5901832061779
3386460113601
3360370512044
7897517903480
7898619334431
7897517930240
7897517919092
7891213667530
7891024169001
7896512902504
7891186900498
7896679226789
7898658625941
7908083520251
7896025500242
7891024167403
7898416838637
7898553516986
7898944073258
7898926639113
7896369151346
7896279100946
7896025512078
7896025512320
7896852623374
7908083520299
7896092000027
7908083519828
7891186181859
7897169296176
7891035912207
7896433200369
7898008550800
7898468509578
7898554442215
7898687780307
7896025513525
7898687780772
7896025521407
7896279113427
6222001552164
7897517909581
7896213300067
7896025522534
7898554440068
7908068501466
7896046714352
7898554442154
7898919655335
7898919412297
7891060855777
7895510953921
7898910011116
7891213305531
7898212284690
7896016005015
7896727902122
7898468503743
7898363794604
3360377009356
7891186516002
7898554441560
7898281991192
7897836500704
7897169224544
7898952577090
7891186277620
7896150015611
7896433200871
7891186334798
7897836500117
7897517920371
7898687780536
731509667974
7908068500131
7897169206168
7896013550747
1234502844087
7896092000041
7896279103121
7896852617502
7897130701715
7896727942357
7898554440327
7897169215443
7891186111177
7896727922243
7891051015210
7896075711803
7896000724762
7896509970370
43917031392
7908068501244
3000006851351
7891186098072
7897169293014
7897517932459
7896150018025
7898576395544
7896025516311
7896025512719
7908153301339
7897657787117
7898950225436
7898008550183
7898943477668
7897836505495
7891186111191
1234502785694
7898468515326
3000001221142
7908517900161
1234500093265
7891213513943
7896433200208
7898546006340
3000001218517
7899706111621
7898944073272
7908060114459
7702045560947
7891024030820
7898671422985
7891213245219
7898413331339
7501009224006
7897517916831
7891186301424
7896025521216
7897158718436
7891213505993
1234502759596
7891186301400
7898413571537
7897169212251
7896512943750
7897169239302
7898281991079
7897657778610
7896150002574
7897169224964
7898919655618
7908153302374
7897517932282
7897169202177
7896512949868
7899876503097
7898610082218
7899790501254
7899652100762
7908153302367
7896235354048
7899304803706
3000001219088
3000001222200
7896433200079
7891186302858
7898639794758
7898639794826
7896014106233
7897836505426
7891213213959
7896279111256
7896279113397
7891213312041
7891186259619
7897517921095
7891213300352
7896032675759
7891213518115
7896015519223
7891213304367
3000001352914
7898102980077
7897836500131
7896025533950
7896279114073
7898687780178
7891239010723
7891213667622
7896852623381
7898157611049
7898008550220
7891150028425
7891186110958
7897517923570
7896326929339
7896075709022
3000001371465
7896512947352
7896111993200
7891213211283
7898008550282
7897169200371
7897169208407
3360372100522
7908209803060
7897169211872
7896327310662
7896025513624
7891186302872
7891213698336
7898157616259
3348900199699
7908448000657
7702045538885
7898413570868
7896213165673
7891213361162
7891213305548
7896327310044
7908153306150
7898522372728
7896016113499
7896150012580
7898671422954
3000001221814
7896013501343
7899652100892
7896032676077
731509811322
7908083520336
3000001386223
7908068501541
7898126401053
7898671422114
7896213309312
7897169202207
7908353605466
7891186181736
7898281990119
7898937723092
7897517928520
7898669950261
7891150037250
7896025525313
7898687780390
7896025530355
7897214702164
700371783709
7897214701716
7897517909659
742832991599
7898595237641
7896132129084
7908068500827
7895510893579
7896868604053
7896868604299
7898595237511
7896102200799
7891213517958
7896025525030
7897517913205
7896512934536
7897214702256
7897169236400
7897169247529
7897802715491
7899706170314
7899884204771
7898610080238
7898910007010
7899926300188
7897214702157
3000011218125
7898600992237
7896025524972
7898610080504
7898506258697
7897214701884
7897130700596
7896727945303
7898488011860
7898669950520
7898907206990
7898910084486
8011003809202
7898923148601
7898126409462
7896509974361
7896868604770
7898687780253
7896016109065
7898610080399
7898558380278
3000000808290
7898126408236
7898126408366
7898126408250
7896016109133
7896380606597
7897169208902
7898416830464
7897169239654
7898126408281
7898126408359
7897169237926
7897169213784
7896380606481
7898610081402
7896132129145
7895510570548
7895510550700
7896727945198
7896671692933
7898607497421
7897158721535
7898607493218
7898910047641
7898600991384
3274872372146
7898907351331
7897802711004
7898910077860
7898607497360
7896025527904
7898558381688
7897802716023
7898607497490
731509723762
7898281991307
7891177001920
7896102200119
7897158725267
7898126408182
7898126408595
7897158713547
7896727945426
7895510570555
7898524346932
7898126407772
7899548121215
7898687780000
7898281991505
7897517924003
7897802717020
7898008554105
7896213300074
7897802715231
7896025526105
7896380605514
7898126408434
7896102200829
7897517913359
7896025525160
731509730968
7896111978450
7899884204788
7898610584798
7898617521802
7891134003615
7891150055872
7896679220817
7896852618080
7896013565017
731509723779
7898554441911
7897169240087
7896868604176
3000007977906
3000011202803
3000011538971
7899583203792
7908153304316
3000011037252
3000011201660
3000010421229
731509974683
7898212287417
7908153300790
10006658
7908209804906
7891150080744
7506295338901
10014363
7898903652883
7901090420002
10006542
7899652100212
7894900010015
7500435187879
7908060116187
7899706188951
7898594740944
7898594740982
7898594741002
7898594741934
7899852020228
7896013502302
7891239016572
7898658626603
7898343701189
7898222813330
7899085152178
7896025537132
7896852625224
7896852625217
7908422601481
7897517902988
7898955134245
7898662451253
7908448002552
7896978200046
7501001133627
7899852021751
7899596537952
7896227620014
7899960101253
10014400
6910003008085
10014806
7899960101239
7899085152307
7899852022406
7899852022413
7908517900413
7908153822223
7908153822278
7896013502272
7908346900158
7896279102483
7898964556038
7908153300424
10006535
10006856
7896852625248
3614273749428
7500435186438
10014691
7908153300820
10008676
7894900531008
10009833
7908209804852
7899706132497
7899085152161
7896512920683
7908209804845
7898594740784
7908448002606
7908448002613
7897517906368
7908366400621
7908366400829
7896013502449
7899652101332
10007815
10016305
7898594740937
7898594741958
7908448002590
7896679233367
7891150088375
7896025533578
7896852625255
7898961952413
17898945782347
7896014178643
8411061003589
7891033485574
7898667820870
7898667820771
7894900030013
8715658400899
7898583470401
7897169208841
7898964556021
5055810030018
7896102203158
7896852625163
7891033481569
7899926301338
7899360235800
3386460032704
7908153822230
3614229823875
10014516
8003085708276
7898556755894
7896213317935
7899596538188
7899596538195
7899596538065
7896013502425
7891033073955
7899596537945
3614273316149
7899596538423
7899360201867
731509994346
731509994384
10020258
7908448002569
697577090031
7898566291405
7898566290125
7898566290835
7898566290323
7896978200329
3000008203264
10028940
7908153830495
7908153830549
7891150088467
7909392878668
7898639795533
10044889
7898699845254
10045954
7898713922657
7898713922664
7908153833588
7898594742061
7908060116231
7892680323028
7908448004624
7908083527489
7898687781601
10038789
10039144
7898363790460
7908153821943
88300601400
7908615018515
783320420634
10061275
5901832060147
3021011021706
7896609550274
10045268
7897517908980
7897517908126
7896150024880
10048986
10049150
10049280
7898617527811
7898671425092
7898671425139
10040447
7896132136280
7908517901656
7898713922619
7908448003412
7894222022222
7908153831058
10050613
731509991628
731509998016
10022160
3614273776134
7908448004228
7898664978727
7908458321957
7908458322039
10041062
10041826
7898566292488
10041864
7891186046714
7891653040092
7908083526062
10051856
7896279126939
7909392803455
7500435178662
7891033522132
7908448004563
7898687781762
10045244
7898699845261
7898699845339
7891186520375
7891186521358
7895630077637
7908124402331
7899596539925
7908458320608
731509994919
7909392804452
7896132135740
10035627
7898527128061
6935884585852
7896150024927
7898664978888
7896032601475
10039472
10053652
10053768
7897230305080
7897840300369
7908823500123
7896512955487
7897517928599
7897984716194
7891033557646
7898527128078
10049471
10049532
10049761
10022955
7898619339764
7897947613645
7897947610736
7908448004242
7897517909062
7908209807792
7908209807891
731509991529
7900083002560
7896679226840
7899661758831
7908254900066
7898721410641
7896279127059
10054918
10054932
7896132136655
7894222040813
7896609546611
731509668087
7896779620227
7898546009587
731509990195
731509992946
731509990355
731509997453
7622210641144
5055810028640
10031544
7908517901663
7898132987299
7896279126830
7896213314378
7898702700389
70341386064
7908239721051
7898617527910
7899596538621
7908448003962
7899583200913
7899852022505
7899926301574
7891033545209
7908060116705
4005900995544
7908209807662
7908448004631
10041017
10041123
10057254
7898695065199
4064666593562
8005610649740
7908060121761
7898699842437
7898640656649
7908615090658
7908618304059
10058251
10031490
7896150024668
7898972321246
7896032623668
7891350033991
7895630062688
7899981323962
4005900139856
7890567826563
7898447487231
7891239024355
10043257
7896213319687
7908083528424
7908624500223
10058855
10059128
7898713923630
7898713923661
8719281111146
8719281988502
7908346903517
8719281103530
8719281103899
731509997682
7899706251068
7908448004488
7898281991789
6972858366970
6972858367427
6972858367458
7898671426990
7794728013444
7898671424231
6932159606267
7896032605565
7898713923401
7898664867465
7898664867502
7898681612819
7898527128160
10026052
5055810035761
7908517901076
7908458320998
7908153306990
7898671429137
7899852024950
7890567816434
7898600994637
5055810038090
7898566292556
8411061034989
10054239
7898741801757
7900083002515
7898369690115
7899661758312
7898648324014
7898721410726
7896279127011
7896279127080
7899852022246
7891033531516
7898741800286
7908615076867
7908615065755
7908615075600
7908615065434
7895630077514
8435415092531
7899596540709
7891033564378
7898939101959
10054802
7897169204058
7891033521678
7899674041913
7898713922497
7891033566150
7896509980515
7908329704629
10040980
783320421211
10061053
7896025525382
10061305
10061404
3021011021959
7898741802327
7896609550908
7897947617957
7908153307652
7909392801826
7898965666453
7896150016847
7898699845933
8411061081006
7896609550144
8411061092385
7898724571042
7898724571165
10058657
3614273852821
7898483150144
7908448004709
10044360
10044490
7898690180866
7898741802594
7896025531468
7899735343314
7891033481835
10062845
7908517901595
7898281990324
7899596540198
7899674021380
8719281059998
8719281060017
8719281060185
8719281060505
8718375525241
8719281988311
7899765519932
7898741802723
10035412
10044964
10045329
7900083008586
8435415092555
7898600994644
70942005487
7898132988111
731509994575
10028124
7908517901519
10035962
8435415092593
8435415080422
7899596540716
7898527128252
3349668630448
7891350043037
7908343800062
7896727946836
7890310111489
7898690180873
7898945746359
6932159615412
7898132988227
7898562213630
70942004817
7896132137096
7896025538573
7908448003948
7908448004006
7899652101554
8411061056691
7891350041057
7896132136358
7908366402755
7908448004372
10038833
7895630062725
7898447487309
7890567826648
10033210
7896025539990
7908448004662
7908209807105
7908458321704
7891033545964
7908458322480
619205194454
7898741530015
7908615062471
7898671429175
7898639795663
7898671791234
7898671791746
7897517954086
7896512946287
7891177012261
7898920038707
7908209807877
7891033568130
7900083002713
7896032600676
10041178
3386460028356
3616302020676
3274872454477
6291108737286
7908109800459
7908109800039
630941153147
7909392036549
7896102203516
7898965666439
7908448004280
7898559791554
7896279127028
10054833
10054963
10055632
10055991
7894222040790
10056240
7896235354352
7896235354376
10022436
7898566292822
7908060112301
10033289
7908448000237
7908448004365
7908083528585
7908083528660
7908083528745
7891177057125
7898610083307
731509997880
7891033523788
10044858
10045145
10046630
7898658627617
7896032600683
7898664978703
10046517
70942005197
7908517905265
7898623242067
7908083530694
7898212288131
7898907349109
7898695064673
7908615090535
7896111993941
7899706237888
7896509979885
7908329703721
10034279
7908448004204
7908448004426
6972683511071
10047880
10047903
630941153130
7896013561880
10028841
10039397
7898632472868
7898965429270
7908823500260
7896132136624
4005900980397
3474637217907
7702045303506
7702045762938
10064023
7891033566389
7898687782004
10064252
10026588
7896196704944
7898566292709
7898566292747
10027912
7909392142233
7891186837619
3474637003340
7898664978918
7897984715777
7897517908652
7897984711489
7896852617472
7899596540051
10048856
10048863
7898566292679
10027844
10027905
10028131
7898566293003
4010900000000
8719281060444
8719281987215
8719281988472
3349668628391
7898741802341
7896509973913
7898741802440
7897042017782
7898965429348
7896512959928
3274872396180
43917996448
7898522372629
7894222022239
7896852627433
10050095
7898420260301
78938793
10035443
7891033474073
7896727946799
8719281111696
8719281058168
8719281080145
8718375525425
8719281103882
8719281080152
7908037703495
7896013504962
731509997101
5901832067740
7897947606500
7897947607392
7899652101998
7899652102032
7891213856606
7891213856460
7891213856354
7908448003924
7899652101639
7896727954602
7898632473452
7897042018161
7898965429461
7896132137270
7909392801796
7899706169424
7891033487202
7899852021317
7891033708772
7891213651607
7896196705194
7908458324385
7908209807648
8719281999249
7908037706021
10059814
7908615065571
7908615065557
7908615065915
10060025
6932159616457
10061145
10061251
7898945746380
7896025525207
7895630008648
7895630351478
7895630963282
7899981324150
7890567827171
7898687781861
7898658627587
7894222039558
7894222033327
7908153843488
10062067
7908153307546
7898741802600
6291109843016
7899765519529
7898965429232
5055810037017
7898632470864
7898632473308
7898632473285
10023389
4006000015378
7891033568154
7900083007978
7900083007718
7896032605534
7894222040684
7898713923456
7899596506996
7891060040449
10038772
7898671425122
7898132988180
5055810029838
7890567834445
7898636193950
6932159615603
10061220
3021011021683
7898632473339
7898632473353
7899596539635
7899960101314
7891060040463
7898671791272
7908823500109
7898527128177
7891033520336
7891033520367
7890567826556
7898741802204
7898741801740
7900083003444
7898369690061
618341019164
618341019126
7898658627600
7898636193356
7898945780018
7908618304219
4045787960136
10063439
7896132137379
7898690180750
7897230304717
7898566292594
7896150023319
7898594743143
7899661758329
7899661758817
10054734
10054895
10055328
10055533
7896132136631
7896111999745
7897534004221
7908153831607
7891060040500
5903719641517
7896132136099
7908458322572
8435415082501
70942005142
7898636193905
7899652101721
7896852624999
8719281111245
7896013500599
7896025540873
7898972321123
4005900921598
7896213314316
7908060118099
7898935974755
7898212288148
7908239721044
7896509981352
7908153831140
7898741801405
7896150025207
7908329704599
10051887
7908083529605
7898945780001
5055810039219
8411061084076
7891350043013
6932159614552
6932159614880
7891033558902
4064666594224
7908239721341
7908239721358
7898588114454
7908823500253
10063224
3349668630264
7702045212952
7898639791122
4005900904614
7896132136778
7898594744270
7908448005072
3616304693656
10058299
10058435
7891350042344
6932159614521
7898945746168
7897169208889
7899674038623
7908615060606
731509992007
7895510933732
10058527
8435415092579
7899596540723
3614273961752
10064221
10064337
7898524343061
3349668614660
10038956
3414202000510
7908346903531
7896609550298
7908791000007
7908068501923
7897861924599
7896150024781
10049082
7899674040732
7894222033297
7896013500568
7895630035682
3614273760201
7891033558025
7891033570768
7890567813266
7899852023670
7908785408031
7900083008623
7894222040981
10063293
7899596539642
3454090610255
6973094270342
7897230304694
8411061067604
7908615015965
7898915744552
4045787725797
10064900
7894222041032
7894222041070
7908458326785
7908785412403
7898218310645
7898600995597
7898600995269
7898218314520
7908458326501
6973094272407
10067727
7908517905449
7898741803836
7898713925542
7908458326129
10065662
10066126
10066805
5903719644921
6291107974149
7899852026497
7891350041217
7908517905432
7897230305820
7891033574766
7908785404996
7908239722317
7898667822270
7900083008517
7898741802976
10065518
10065570
10065624
7898741804406
7898759110315
7908417501468
7894222041094
7898218311048
7908420108036
7898741803300
10066331
7898741803874
7898619835778
7897042017904
10066614
6932159601453
7898741804918
7897042019342
10066102
7891033556762
8057971180561
7896605201033
7898605222995
10064931
7896509980218
7908458326532
7900083007886
7897230305240
7896235354727
7900083008357
7896509980232
7896132137324
10065457
10066577
7899572814527
7894222041155
7898218314865
10067789
7900083007572
7908209809147
7898218311406
7898218310522
7898218310720
7898218313615
7891350045260
7897517937720
7896509980270
10064627
7898713925566
10066515
10066676
10066768
10066959
7897230305448
10067659
10068618
6973094271912
7898605222841
7900083007589
10067369
6972858364662
6973094271851
10066416
70341149089
10068021
7908458326266
7898583349783
7898759110322
7899852027043
7898218310249
7898600995382
7908458326716
10067765
10067826
6973094272315
7898687780840
7897158701582
7909392374917
7898687780871
7891213211221
8411061982105
7899596534364
7891213648348
7898132980733
7909392374894
7891150059870
7899596531882
78462476497
7908068502265
7896132131896
7897517923518
7896235353911
7897517917388
7898921466912
7898921466844
7908026002226
7908026002233
3789954812248
7891177047126
7898919324934
7898699380137
7899596534753
7898658625187
7899884213414
7898416830242
7702045538724
7898610082669
7899360206718
7896032666252
7897169203204
3595471081032
7898413570332
7898610374092
7908346900660
7891213361155
7896025524668
7898554441003
7896727945730
7891213219432
7908068502319
8715658390350
7898413570028
7898416830136
7896075760313
7898413574538
731509971927
7899652101127
7899706187930
7898658625989
7896196704692
7899820800883
7908060111762
8715658380412
7897517924386
7898413570271
7898907973250
7891213213867
7908458303595
7891150075276
7897130700435
7898288330062
7897130700527
7896852623435
7896032671119
7898413571681
7896433200093
7896433200437
43917996462
7896025533981
7896150023579
7896852623473
7896025504417
7891350034950
5901832067795
7896025505087
7896852623367
8411061832592
4005900521910
7891150066908
7898919655236
3474636975310
7895510175552
7898546008627
7898413570288
7896016109249
7898658626054
7896279103381
3000001218944
7898281990621
7896671693954
7908083520534
7891186259695
7896046703127
7896025504394
7891186743309
7897169206700
7896025511187
7891213390926
7896025513600
4015600131531
3000001219408
3000001221067
7896509955278
7898567704928
3000001221227
3000001383802
7898546008382
7891213205817
7891060032321
7891182120050
3000001388609
7897130700824
7898522372834
7891213480535
7891213245226
7896150001096
7896279106597
7891010253769
7897517932084
7897751900535
1234500589348
7896150015352
7896016108990
7898687780031
7896509973692
7898687780512
1234500599125
1234500093586
7898687780215
7896025519701
7896025522336
7898554440259
1234501223555
7898687780079
7898554440372
7896858620391
7898607497377
7898554440266
7898378620592
7891150014138
7898581086437
7898658620649
7897042013227
7898008550312
7897517919986
7898348920134
7898588327748
7898126403507
1234501223562
7898281991390
7908153302503
7896279112888
7899706135856
7891213512762
7897517933081
7898919655311
7896025516304
7898687780086
7896025502802
7898610370322
3000004918612
7898008550190
7896279113090
7908153302381
7896433200758
7897836503132
7896000724724
7897517903503
7897217400142
7897130701654
1234500591266
7891186743460
7896150015390
7898583342562
7896224410984
7891186279518
7896046710781
7891213305616
7891213213713
7897169214057
7891213329124
7899652100830
7898363790248
7908209802568
7891213305623
7898919655120
7509546668055
731509974560
7898416838620
7896025522985
7897169204515
7897169298446
7891239021972
7896027200607
7896369126610
1234500213649
7899934700475
7897751900252
7891186796916
7896025521506
7891239006856
7896852623404
783320404726
7898943477651
7891213512984
7896150015420
7896150015598
7896279113120
7908209802896
7896025504271
3000001220688
7908209803015
7896025524729
7896852623442
7896235354079
7891213505955
7898008551814
7896132126489
7891186409533
7908083520497
7896279102445
7897042005024
7891213329117
3000001364764
3000001380023
7896046703387
7896025508927
737052339207
7891033718641
7896016000584
7891186194248
7897042009121
731509770285
3000001219750
7896025502871
4005808555352
7898312329840
7891186181712
7891186226239
7896279104135
7891213512960
7896150023524
3000001383048
7899960100294
7896433200185
7896423470697
7898546006333
7908153304309
7897517907242
7897517920722
7896032675766
7898079002963
7896671693909
7894222994031
7891037000322
7898363790194
7897517907365
7891186181606
7898639851048
7898939101201
7897517906849
7897042007066
7891186620693
7897169206571
7898546006357
7891213205152
7896235354147
7897517907228
3000011740619
7891213213812
7899790501216
7897169241312
7896423481884
7896025502406
7896213165697
7897169202559
1234500600340
7896092000225
7897169203426
7891010504755
7897517920395
7891213363654
7898640656991
3000001219835
7896046710828
7896852623411
7897169202887
7897169200951
7898640655253
7898903221409
7898610080511
7898669950476
7897214701877
7908209800274
7898413572053
7500435129947
7897042015269
74108391865
7896380606924
7898554441959
7898281991703
7898553512223
7896380606139
7896025528420
7898607497476
7897802712094
7897517920876
7898910354824
7897169236950
7898595237610
7898610080757
7898281991369
7898639791818
7894222021829
7897214702133
7899548121437
7898281991086
7898527126616
7896509974378
7898281991260
7896025522633
7506309801018
7898687780130
7898558380223
7898911689383
7897517913397
7897169247109
7896025525849
7898157499128
7896868605715
7897169245181
7897169205970
7897169204669
7897169208223
7898607497322
7898610362730
70942507240
7898607497292
7898687780246
8411061869406
7898639790781
7897169237001
7898126408373
7896025530348
7891150060883
7897158723478
7897169232129
3326240045456
7898658623763
7897517931452
70942508407
731509752748
7898008553856
39571009143
7908153303852
7897802719369
7897169211865
3274871122506
7898126407857
7898687780116
7908068501169
7898281991291
7895510933619
7898610080498
7896025523975
7898658620816
7896132130721
731509755657
7897169225268
7898126408564
7898126408489
7896010172164
7898610080108
7896858620070
7897169236844
7898281991468
7891213518030
7896868604022
7896032653696
7898687780758
7896025530331
7896132130554
7897517922818
7896025528406
7891134003790
7897169294004
7892537795275
4005900449559
7896032651623
7896509960531
7895510550717
7898126408557
7898005719224
7908068500261
7896075757481
7891239026809
7897517917548
7897517913427
3000007977821
7897217403907
7908209800250
7897517925734
3000011192906
7898669950513
6932159605338
7891033474028
7899938600610
7898413572480
7898605222612
7896609546000
3614273662420
7896609547533
7899596538058
7898968204119
3000012070913
7898639794574
7908038600700
7895825587545
7908209804807
7896025538863
7898610375365
7898610373200
7898658626610
7898658626580
7898658626597
7898658626726
7898610375532
7898556756051
7908448002668
7896679233145
6927219103039
6927219103169
7896000706836
7896014140572
7898961952291
7896032678514
7896369163608
7896369163509
7896868606958
7898600993418
7898556755863
7896013502630
10006627
7897517919566
7897130702521
10020838
7899852022437
7896032681026
7898952774109
7896369163974
7896380604739
7898132981730
7897517914684
10001943
7891033471713
7898610375136
7908422600408
7896852625187
7891239016220
7898581088066
7908153300677
7894900700015
7899085152208
7896132134262
7897517934323
7897517956035
10008522
7896016109119
7896016109331
10006429
7899085152147
7891182018265
7898594740821
7908448002651
7896025538924
7896025538825
7899938600580
7897517924430
606529520762
609963833368
7898594741132
731509994445
7908068501350
7898222818335
6927219103022
7891150080768
7899360201850
7898546693298
7898961952390
7896380607334
7896132134989
7899596537600
7897517933166
7896509976020
5055810030155
7896102201161
7908060115579
7899583204218
7897169201651
7898969501903
7899706157759
7891033481668
7891177373218
7898671424637
10014509
10014677
7898610375303
7898556755900
7898556755917
7898489521146
7896609546055
7898594740746
7896509975993
7899596538348
7899596538225
731509994377
7896025532137
7891033074501
10013267
5901832060130
3386460127981
7897517933173
7898943477880
7896978200022
7908517900703
3000008206289
3000008205206
7896380607662
7896032600638
7898664865768
7898972321314
7891350041095
7897534904262
10048047
7896013505587
7897984717009
4064666337081
10046142
7897517932992
7897517924973
3616304478246
7898741801726
8809635341647
10058343
10038888
3474637131142
10039458
7899852024653
7908153822025
7908153836947
8411061093818
7898212288124
3274872456143
10060988
10061077
3021011021980
7898970628552
7897947613201
7899083126225
7898212287820
10049693
8011003838011
10028827
7908153301971
7896132136273
7908517901632
7898566293034
7908153301889
10035771
7894222033266
731509995565
10050729
7908153842603
7908615032900
731509993318
731509990119
3474637128852
7896032680579
7908209807044
10040713
7908615062433
10041093
10041246
10041857
7898566292976
7896858633315
7896025539532
7898483152483
7908329704551
7898594744140
10051825
7897230304779
10052242
7891060861396
7898687781380
7898687781731
7891177081298
7896523214306
7908448003313
7897861922335
7898566292815
7898964556083
7908458324200
731509996654
7891350033953
10052860
10052938
7909392804445
3494800280781
10035702
10035993
7891033838400
10046524
10046548
10046586
10046739
10046746
7898658625064
7898658627648
7898185414858
7909392888261
7899884219812
10047934
7894222039541
7908153822445
7897517909727
70942005227
7898671424729
7898671429106
7900083007992
7898664867519
7897840300185
3616304686795
7896512946386
7898920038622
7899884221365
7896132135498
7898527127927
7899852022499
7898741801795
7900083002607
7900083002638
7896111999769
10021811
731509572582
7909392801703
7896132135153
7622300988470
7895800430002
731509991260
731509994841
10026694
10026830
7909392142318
6972858366987
7896279114677
7898483152520
7891991015103
7898939101942
7899652101592
7899852022512
10035641
10051832
10051818
7899652102001
7908060119270
7908346901001
731509999716
7898741801269
7897947616882
3616302020652
6291107454818
7899652100588
7908615060644
3349668628193
10058558
10036228
7898972321628
4005900921567
7894900701302
7896025525221
7895630325301
7895630327992
8411061083482
7890567806961
7895630344685
7890567813389
7890567813433
7890567826617
7891186520313
7899652101257
7898878146233
7898687781588
7908083528547
7896235354406
10058879
7908209808171
7898713923623
8719281060109
8719281103455
8719281987512
8719281103493
8719281999225
8717185380873
8719281056270
7891033558049
7896196704975
7908448004211
7898947752273
7898671424675
8435415076814
7896032605572
7898623242500
7898713923272
8411061083673
7897840300451
7898671791319
7896512946256
10026069
7896609548653
10035481
10044841
7898699845315
7890567813273
7890567834421
7908037706014
10059821
7898752290137
7896132136822
5055810042097
5055810038076
10022221
10026632
7898566292914
7898566293058
10027950
7891033560905
7900083002706
7900083002737
7900083002768
7900083002577
7908346902145
6932159610882
7899661758497
7899661758633
7899661758701
7899706197120
10045718
7898595239201
7891350043044
7898212288087
6932159614606
7896013508601
10026496
7896032688261
7896380607792
731509997699
731509999150
7898939101461
4045787723953
7896111999776
7896046700348
7891033574896
7899852025827
7908448002729
7908083529964
7896025522428
7896509980553
10057124
731509994889
7895454816900
5055810038663
7898671425146
10040966
3423222092894
7908329705404
10060896
10060919
10061381
7896609550410
7898970628750
7908153307577
7899652101868
7898713922640
7899852023878
7898699842451
7898699842420
7908517902080
7896150012801
8411061092668
8435415082518
3274872456129
7894222040738
7896852627907
7908153304514
7899085152413
731509994629
7896025538382
7896025531512
6291107921419
7898567706373
7891150065321
7896032604285
4045787723915
7908615005140
8002990292092
7908209808218
8719281040200
8719281039037
8719281040149
8719281103875
10059876
7899661758695
10060018
7898741802709
3274872456327
7898671425870
10044797
10044919
10045060
10045107
10045138
10045336
10045374
10045619
10045749
7898699845292
7898699845223
7908153307430
7898945746427
7896509972237
7908124407589
7897840300307
10062425
10062449
731509994728
7898741803355
7898281991734
7891060804980
4064666318233
7899852023090
7908517901649
10045053
7898658627570
6932159615214
6932159614590
7890310161682
7898699845230
10046012
3616303057879
10046531
3349668613793
7898562214880
7898562213777
7899652101530
7891033923045
10039526
25929206531
25929127140
7891033515080
7898546008658
10032770
10032787
7908448000213
10038581
7895630062756
7898600994767
7891033523504
7891033011599
7900083007985
7898713923258
7898713923289
7898664867526
7897840300222
7896609546024
7899852021294
7898713922626
7898713922701
7908448004761
7898911309687
7908209807129
7908329704995
7908329704735
10040614
7899085152369
7898972321468
7898671791258
7898671791364
7898671791456
7908823500024
7897517926878
7897517938055
7897517954093
7898527128214
7898920038615
7891033522439
7908209807815
7899661758268
10031278
7896032604452
6291107454856
7908109800336
10043103
7891033521906
7899572813957
10055014
10055304
10055335
7896609549766
7894222040769
10056325
7898132988500
7898741802266
7898741803034
7908458317875
7899085152376
10031186
7908448000602
7908448002989
7898687781618
7896852626788
783320420610
7898699845322
7896150025153
10046869
7898527128085
7898625791808
7898713922008
10046708
10046883
7908624500230
7892687825860
10048979
7898713922503
4005900921574
5903719643689
7891239022566
7898416833939
7896609550137
10024843
7896032681750
7898566292938
6932159606762
7908124407251
7899596539512
7896196704982
10028926
7896132135047
8411061001844
7898632473049
7896132137300
10063651
7702045446616
7896852628461
7908068502173
7702045169843
7891033584048
7891033566402
7891033566426
10026687
3474637003784
3474637004903
7908209807143
7897984717016
7897517908881
7897984716705
10049372
10026618
7899596538317
10027806
7898939101966
10059098
7898713923722
8719281103417
8719281988564
7908615065670
7908153307317
7898945746458
7898945746694
7899572814398
7899765519956
7891033558919
7891033558872
7898632473346
7898632473261
5903719642385
7898546007668
7897517909192
6932159606748
7899960100898
7908153830167
7894222039572
7898671427508
731509995992
7898639792853
10036020
7891033838387
7891186516590
3349668630110
7896609550397
7896132136716
7898970628415
8719281112112
7898562213654
7898566293201
7899652101448
7896858633353
7897517904012
5903719642378
7896025539563
7896868607214
7908153842887
7908083529483
7908083529520
7899674038647
7891213856361
7891350040791
7898970628767
7908153307607
7898690180712
7898632473025
7898632474435
7898632471984
7898632474725
4045787960297
10063811
7891033930630
7891186046608
7895510933695
7898965559946
7896196705217
10052440
7899934703223
7908458324453
7896380607822
7908448004525
7908448004587
630941152904
7898724571073
7898724571134
7899852025421
8719281040095
7899981390704
7896111999516
10059883
10059890
7908615065878
7908615075563
7908615077970
7897947617568
10061374
10061398
10052846
7895630035705
7899981324105
7890567813402
10043141
7898687781816
7896235354505
8411061074848
10047842
10047866
10047941
10050361
10050712
7908615065793
7898212288094
7896025541979
7896025522879
3616305169228
7898965429041
7898632474749
7908153833519
10024287
7898970092056
7908124401495
7898600994750
6973094272001
7896032605381
7896032605510
10053614
43917017938
7898713923265
7898610377642
7897840301489
10038864
7896132136068
6932159606830
7908038605538
7891033564927
7896013507086
7898212284751
7908785412885
7898566293553
7898632473056
7898632473360
7898915744576
7896213313708
7891033820597
7896727946478
7897517917623
7896512921741
7898920038769
7896609547496
7898741802044
7898605222780
7900083004076
7898619339740
3616304099373
7891239024331
731509990232
731509990607
7897169201941
7899596540693
7896509972091
10063330
7891033566365
7908153306723
10037034
7896150020189
7896150020240
7896032680777
7899661758435
7896279127035
10054970
10055496
10055748
10055861
10055878
7894222040806
7908448004747
10040836
7908433400905
7908153830044
7894222039657
7894222040721
7908615088969
7898600995191
7899852026060
7899852026183
7897158726790
7897861926050
7898741800224
7908517905289
7908517905258
7896213301798
7898958119683
7820161151310
731509995152
7896150025306
7897947616516
10051870
7898212287042
7898212288070
7898212287738
7908343800154
6932159615023
4045787960259
7908239721327
8411061085530
8715658998839
5055810035747
7898955875377
8002990292139
7898658626696
7794728013451
7898671424781
4064666593609
7898669952425
7908448004921
7896609550151
7898713923753
7898713923784
8809635342132
10058374
3349668628544
7908343800161
6932159615160
7896509973920
7908153825019
7891350041101
7897230305110
7908366404308
7898965559830
7898965559717
7896605212497
10052426
7898639795700
7896108566172
74469484046
7898625794663
7898687781892
10064351
10064375
10064382
7896380600663
7898524343054
7898671423456
7899706189668
7899652101875
7896512959829
10058213
10058459
7894222040714
3614273947763
7899596538966
7896609550861
10063378
7896111901168
7898690180033
10049433
7894222022215
7908060118143
7500435232777
7908458324323
7908209807709
7896032626119
10052839
8718375525487
7890567816441
7890567834438
7908615065717
7908153819377
7891033566600
7908239721389
10027813
7908448004150
7898218314551
7908458326150
7898522372766
7897230305257
7898610078488
7898218314742
7908458326204
7898610078372
7897042019304